xxxxxxxxxxxxxxxx
0000000000000000
0000011101110100
0010111101011110
0000011110000110
0010000101000010
0000011000111111
0101010001000101
0011010000010100
0000010111000100
0000000011100011
0000101001101001
0110111100010110
0011000011011001
0101000010001011
1000011100010100
1110001010100001
0001101111011000
0110010110010100
1000101101110100
1101110011110011
0011010011111110
0000111100001100
0111101001010101
0110001101000010
0111100010110100
0110111010010000
0011110000000110
0001101000111100
0001110110001000
0000111101111000
0000111011111110
0010010111100110
0000010101000110
0001000100000000
0000010000100000
0010110111010010
0111110100011100
0010010001010100
0000110110101000
0000001011011000
0100010101100010
0101110001011111
0010001011110010
0000000010010100
